optimized_average: 3.248325490951538
optimized_times: [3.723853826522827, 3.510972023010254, 2.9123177528381348, 3.1331920623779297, 2.961291790008545]

unoptimized_average: 8.594040584564208
unoptimized_times: [8.026366233825684, 7.991385221481323, 8.756942510604858, 8.203265190124512, 9.992243766784668]