optimized_average: 2.650662422180176
optimized_times: [2.567333936691284, 2.3643834590911865, 3.2195353507995605, 2.5498931407928467, 2.552166223526001]

unoptimized_average: 7.96150312423706
unoptimized_times: [7.548382997512817, 8.451017379760742, 7.751260042190552, 7.918206691741943, 8.138648509979248]